image: map.pgm
resolution: 0.050000
origin: [-95.000000, -104.500000, 0.042000]
negate: 0
occupied_thresh: 0.65
free_thresh: 0.196

