image: map.pgm
resolution: 0.050000
origin: [-100.000000, -100.500000, 0.000000]
negate: 0
occupied_thresh: 0.20
free_thresh: 0.196

