image: map.pgm
resolution: 0.050000
origin: [-97.000000, -104.000000, 0.04200]
negate: 0
occupied_thresh: 0.20
free_thresh: 0.196

